11111111111111111111111111111111111
11100000000000001010000000000000111
11100000000000001010000000000000111
11100000000000001010000000000000111
11100000000000001010000000000000111
10000000000000000000000000000000001
11100000000000001010000000000000111
11100000000000001010000000000000111
11100000000000001010000000000000111
11100000000000001010000000000000111
11100000000000001010000000000000111
11100000000000001010000000000000111
11100000000000001010000000000000111
11100000000000001010000000000000111
11100000000000001010000000000000111
11100000000000001010000000000000111
11100000000000001010000000000000111
10000000000000000000000000000000001
11100000000000001010000000000000111
11100000000000001010000000000000111
11100000000000001010000000000000111
11100000000000001010000000000000111
11100000000000001010000000000000111
11100000000000001010000000000000111
11100000000000001010000000000000111
11100000000000001010000000000000111
11100000000000001010000000000000111
11100000000000001010000000000000111
11100000000000001010000000000000111
10000000000000000000000000000000001
11100000000000001010000000000000111
11100000000000001010000000000000111
11100000000000001010000000000000111
11100000000000001310000000000000111
11111111111111111111111111111111111
