11111111111111111111111111111111111
10000000100000000100000000100000001
10000000100000000100000000100000001
10000000100000000100001110100000001
10000000000000000000001110000000001
10000000100000000100001110100000001
10000000100000000100001110100000001
10000000100000000100000000100000001
11111011111111110111111111101111111
10000000100000000100000000100000001
10000000100000000100000000100000001
10000000100000000100000000100000001
10000000000000000000000000000000001
10000000100000000100000000100000001
10000000100000000100000000100000001
10000000100000000100000000100000001
11111011111111110111111111101111111
10000000100000000100000000100000001
10011100100000000100000000100000001
10011100100000000100000000100000001
10011100000000000000000000000000001
10011100100000000100000000100000001
10000000100000000100000000100000001
10000000100000000100000000100000001
11111011111111110111111111101111111
10000000100000000100000000100000001
10000000100000000101111000100000001
10000000100000000101111000100000001
10000000100000000101111000100000001
10000000000000000001111000000000001
10000000100000000100000000100000001
10000000100000000100000000100000001
10000000100000000100000000100000001
10000000100000000300000000100000001
11111111111111111111111111111111111
