11111111111111111111111111111111111
11000000000000000000000000000000001
10000000000000000000000000100000101
10000100001000000000100000000000011
10000000000000000000010000000001101
11001000100000000000000000110000001
10000000000000100000000110000010001
10101000000010000000000000000000001
10000010000000000000000000001100001
10000000000001000000000001011100001
11100000000000000000100000000010101
10000000000000000000010010100001001
10000010000000000000010000000000001
10000000000100000000000000000000001
10000000001000000000000000000000001
10000000000000000000011000000000001
10000010000000000000000000010000001
10000000000001000000000000000001001
10100100000000100000000000000000001
10000100000010100000001000000000001
10100001000000000000101000000000001
10000000000001000000000000100000001
10000100000010000000000100000000001
10000000000101000000000000000000001
10000000000010000000110000010000001
10000000000111000000000000000000011
10000000010000000000100000000000011
10001000000000000000000000000001011
10000000000000000000110000001000001
10000000000000000000000000000000001
10000000000000000000000000000000001
10000000000000000000000000000000001
10000000000000000000000000000000001
10000000000000000300000000000000001
11111111111111111111111111111111111
